EXPRESSÕES ARITMÉTICAS
1001 1002 1003 1004 1005 1006 1007 1008 1010 1011 1012 1013 1014 1015 1016 1017 1018 1019 1020 1021 1046 1070 1078 |

DESVIOS CONDICIONAIS
1035 1036 1037 1038 1040 1041 1042 1043 1044 1045 1047 1048 1050 1051 1052 1065 1066 2702 |

ESTRUTURAS DE REPETIÇÃO (FOR)
1059 1060 1064 1067 1071 1072 1073 1074 1075 1079 1080 1094 1095 1096 1097 1098 1099 1116 1132 1133 1142 1143 1144 1145 1151 1153 1155 1156 1157 1158 1164 1165 | 1181 1182 1183 1184 1185 1186 1187 1188 1189 1190 1589

ESTRUTURAS DE REPETIÇÃO (WHILE)
1101 1113 1114 1115 1117 1118 1131 1134 1146 1149 1150 1154 1159 1160 | 1435 1478 1534 1541 1557 1564 

VETORES
1172 1173 1174 1175 1177 1178 1179 1180 

STRINGS
1009 1049 1061 

MATRIZES


ORDENAÇÃO


BUSCA



PROGRAMAÇÃO DINÂMICA
1176
